zero[63] = {  0,  0,  0,  0,  0,  0,  0, 
              0, +1, +1, +1, +1, +1,  0,
              0, +1,  0,  0,  0, +1,  0,
              0, +1,  0,  0,  0, +1,  0,
              0, +1,  0,  0,  0, +1,  0,
              0, +1,  0,  0,  0, +1,  0,
              0, +1,  0,  0,  0, +1,  0,
              0, +1, +1, +1, +1, +1,  0,
              0,  0,  0,  0,  0,  0,  0};

        
one[63] = {  0,  0,  0,  0,  0,  0,  0,
             0,  0,  0, +1,  0,  0,  0,
             0,  0, +1, +1,  0,  0,  0,
             0,  0,  0, +1,  0,  0,  0,
             0,  0,  0, +1,  0,  0,  0,
             0,  0,  0, +1,  0,  0,  0,
             0,  0,  0, +1,  0,  0,  0,
             0, +1, +1, +1, +1, +1,  0,
             0,  0,  0,  0,  0,  0,  0};

    
two[63] = {  0,  0,  0,  0,  0,  0,  0,
             0, +1, +1, +1, +1, +1,  0,
             0,  0,  0,  0,  0, +1,  0,
             0,  0,  0,  0,  0, +1,  0,
             0, +1, +1, +1, +1, +1,  0,  
             0, +1,  0,  0,  0,  0,  0,
             0, +1,  0,  0,  0,  0,  0,
             0, +1, +1, +1, +1, +1,  0,
             0,  0,  0,  0,  0,  0,  0};


three[63] = {  0,  0,  0,  0,  0,  0,  0,
               0, +1, +1, +1, +1, +1,  0,
               0,  0,  0,  0,  0, +1,  0,
               0,  0,  0,  0,  0, +1,  0,
               0,  0,  0, +1, +1, +1,  0, 
               0,  0,  0,  0,  0, +1,  0,
               0,  0,  0,  0,  0, +1,  0,
               0, +1, +1, +1, +1, +1,  0,
               0,  0,  0,  0,  0,  0,  0};


four[63] = { 0,  0,  0,  0,  0,  0,  0,
             0, +1,  0,  0,  0,  0,  0,
             0, +1,  0,  0,  0,  0,  0,
             0, +1,  0, +1,  0,  0,  0,
             0, +1, +1, +1, +1,  0,  0,
             0,  0,  0, +1,  0,  0,  0,
             0,  0,  0, +1,  0,  0,  0,
             0,  0,  0, +1,  0,  0,  0,
             0,  0,  0,  0,  0,  0,  0};


five[63] = { 0,  0,  0,  0,  0,  0,  0,
             0, +1, +1, +1, +1, +1,  0,
             0, +1,  0,  0,  0,  0,  0,
             0, +1,  0,  0,  0,  0,  0,
             0, +1, +1, +1, +1, +1,  0,
             0,  0,  0,  0,  0, +1,  0,
             0,  0,  0,  0,  0, +1,  0,
             0, +1, +1, +1, +1, +1,  0,
             0,  0,  0,  0,  0,  0,  0};


six[63] = { 0,  0,  0,  0,  0,  0,  0,
            0, +1, +1, +1, +1, +1,  0,
            0, +1,  0,  0,  0,  0,  0,
            0, +1,  0,  0,  0,  0,  0,
            0, +1, +1, +1, +1, +1,  0,
            0, +1,  0,  0,  0, +1,  0,
            0, +1,  0,  0,  0, +1,  0,
            0, +1, +1, +1, +1, +1,  0,
            0,  0,  0,  0,  0,  0,  0};


seven[63] = { 0,  0,  0,  0,  0,  0,  0,
              0, +1, +1, +1, +1, +1,  0,
              0,  0,  0,  0,  0, +1,  0,
              0,  0,  0,  0, +1,  0,  0,
              0,  0,  0, +1,  0,  0,  0,
              0,  0, +1,  0,  0,  0,  0,
              0, +1,  0,  0,  0,  0,  0,
              0, +1,  0,  0,  0,  0,  0,
              0,  0,  0,  0,  0,  0,  0};


eight[63] = { 0,  0,  0,  0,  0,  0,  0,
              0, +1, +1, +1, +1, +1,  0,
              0, +1,  0,  0,  0, +1,  0,
              0, +1,  0,  0,  0, +1,  0,
              0, +1, +1, +1, +1, +1,  0,
              0, +1,  0,  0,  0, +1,  0,
              0, +1,  0,  0,  0, +1,  0,
              0, +1, +1, +1, +1, +1,  0,
              0,  0,  0,  0,  0,  0,  0};


nine[63] = { 0,  0,  0,  0,  0,  0,  0,
             0, +1, +1, +1, +1, +1,  0,
             0, +1,  0,  0,  0, +1,  0,
             0, +1,  0,  0,  0, +1,  0,
             0, +1, +1, +1, +1, +1,  0,
             0,  0,  0,  0,  0, +1,  0,
             0,  0,  0,  0,  0, +1,  0,
             0,  0,  0,  0,  0, +1,  0,
             0,  0,  0,  0,  0,  0,  0};
